[1,1] 0	[1,2] 15750	[1,3] 7875	[1,4] 9375	[1,5] 11875	[1,6] 15125	
		[2,2] 0	[2,3] 2625	[2,4] 4375	[2,5] 7125	[2,6] 10500	
				[3,3] 0	[3,4] 750	[3,5] 2500	[3,6] 5375	
						[4,4] 0	[4,5] 1000	[4,6] 3500	
								[5,5] 0	[5,6] 5000	
										[6,6] 0	

[1,1] 0	[1,2] 1	[1,3] 1	[1,4] 3	[1,5] 3	[1,6] 3	
		[2,2] 0	[2,3] 2	[2,4] 3	[2,5] 3	[2,6] 3	
				[3,3] 0	[3,4] 3	[3,5] 3	[3,6] 3	
						[4,4] 0	[4,5] 4	[4,6] 5	
								[5,5] 0	[5,6] 5	
										[6,6] 0	

break position for A1 and A6 is 3
break position for A1 and A3 is 1
break position for A2 and A3 is 2
break position for A4 and A6 is 5
break position for A4 and A5 is 4
